-140,096	0,9995
-140,892	0,9995
-141,688	0,9995
-142,484	0,9995
-143,28	0,9995
-144,076	0,9995
-144,872	0,9995
-145,668	0,9995
-146,464	0,9995
-147,26	0,9995
-148,056	0,9995
-148,852	0,9995
-149,648	0,9995
-150,444	0,9995
-151,24	0,9995
-152,036	0,9995
-152,832	0,9995
-153,628	0,99947
-154,424	0,99947
-155,22	0,99947
-156,016	0,99947
-156,812	0,99947
-157,608	0,99947
-158,404	0,99947
-159,2	0,99947
-159,996	0,99947
-160,792	0,99947
-161,588	0,99947
-162,384	0,99947
-163,18	0,99947
-163,976	0,99947
-164,772	0,99947
-165,568	0,99947
-166,364	0,99947
-167,16	0,99947
-167,956	0,99947
-168,752	0,99947
-169,548	0,99947
-170,344	0,99947
-171,14	0,99944
-171,936	0,99944
-172,732	0,99944
-173,528	0,99944
-174,324	0,99944
-175,12	0,99944
-175,916	0,99944
-176,712	0,99944
-177,508	0,99944
-178,304	0,99944
-179,1	0,99944
-179,896	0,99944
-180,692	0,99944
-181,488	0,99944
-182,284	0,99944
-183,08	0,99944
-183,876	0,99944
-184,672	0,99944
-185,468	0,99944
-186,264	0,99944
-187,06	0,99944
-187,856	0,99944
-188,652	0,99944
-189,448	0,99941
-190,244	0,99941
-191,04	0,99941
-191,836	0,99933
-192,632	0,99933
-193,428	0,99933
-194,224	0,99933
-195,02	0,99933
-195,816	0,99933
-196,612	0,99933
-197,408	0,99933
-198,204	0,99933
-199	0,99931
-199,796	0,99931
-200,592	0,99931
-201,388	0,99918
-202,184	0,99918
-202,98	0,99893
-203,776	0,84928
-204,572	0,84928
-205,368	0,84928
-206,164	0,84928
-206,96	0,84928
-207,756	0,84929
-208,552	0,84929
-209,348	0,84929
-210,144	0,84929
-210,94	0,84929
-211,736	0,84929
-212,532	0,84929
-213,328	0,84929
-214,124	0,84929
-214,92	0,84929
-215,716	0,84929
-216,512	0,84929
-217,308	0,84929
-218,104	0,84924
-218,9	0,84924
-219,696	0,84924
-220,492	0,84924
-221,288	0,84924
-222,084	0,84924
-222,88	0,84924
-223,676	0,84924
-224,472	0,84924
-225,268	0,84924
-226,064	0,84924
-226,86	0,84924
-227,656	0,84924
-228,452	0,84924
-229,248	0,84924
-230,044	0,84918
-230,84	0,84912
-231,636	0,84909
-232,432	0,84909
-233,228	0,84909
-234,024	0,84909
-234,82	0,84909
-235,616	0,84909
-236,412	0,84901
-237,208	0,84901
-238,004	0,84901
-238,8	0,84901
-239,596	0,84901
-240,392	0,84901
-241,188	0,84901
-241,984	0,84901
-242,78	0,84901
-243,576	0,84901
-244,372	0,84901
-245,168	0,84901
-245,964	0,84901
-246,76	0,84876
-247,556	0,84876
-248,352	0,84876
-249,148	0,84876
-249,944	0,84876
-250,74	0,84872
-251,536	0,84872
-252,332	0,84872
-253,128	0,84872
-253,924	0,84872
-254,72	0,84872
-255,516	0,84872
-256,312	0,84872
-257,108	0,84856
-257,904	0,84856
-258,7	0,84856
-259,496	0,84856
-260,292	0,84856
-261,088	0,84856
-261,884	0,84856
-262,68	0,84856
-263,476	0,84731
-264,272	0,84731
-265,068	0,84731
-265,864	0,84731
-266,66	0,74831
-267,456	0,74831
-268,252	0,74831
-269,048	0,74831
-269,844	0,74809
-270,64	0,74809
-271,436	0,74809
-272,232	0,74809
-273,028	0,74809
-273,824	0,74809
-274,62	0,74809
-275,416	0,74809
-276,212	0,74758
-277,008	0,74752
-277,804	0,74751
-278,6	0,74751
-279,396	0,74751
-280,192	0,74629
-280,988	0,74629
-281,784	0,74629
-282,58	0,74629
-283,376	0,74629
-284,172	0,74629
-284,968	0,4988
-285,764	0,49878
-286,56	0,49878
-287,356	0,49878
-288,152	0,49878
-288,948	0,49878
-289,744	0,49878
-290,54	0,49878
-291,336	0,49878
-292,132	0,49878
-292,928	0,49863
-293,724	0,49863
-294,52	0,49863
-295,316	0,49863
-296,112	0,49863
-296,908	0,49863
-297,704	0,49863
-298,5	0,49863
-299,296	0,49863
-300,092	0,49863
-300,888	0,49835
-301,684	0,49835
-302,48	0,49835
-303,276	0,49835
-304,072	0,49835
-304,868	0,49823
-305,664	0,49823
-306,46	0,49823
-307,256	0,49823
-308,052	0,49823
-308,848	0,49823
-309,644	0,49823
-310,44	0,49823
-311,236	0,49823
-312,032	0,49768
-312,828	0,49768
-313,624	0,49768
-314,42	0,49768
-315,216	0,49768
-316,012	0,49768
-316,808	0,49768
-317,604	0,49768
-318,4	0,49637
-319,196	0,49637
-319,992	0,49637
-320,788	0,49637
-321,584	0,49637
-322,38	0,49637
-323,176	-0,05078
-323,972	-0,05077
-324,768	-0,05077
-325,564	-0,05077
-326,36	-0,05077
-327,156	-0,05077
-327,952	-0,05077
-328,748	-0,05077
-329,544	-0,05082
-330,34	-0,05082
-331,136	-0,05082
-331,932	-0,05082
-332,728	-0,05082
-333,524	-0,05082
-334,32	-0,05082
-335,116	-0,05082
-335,912	-0,05082
-336,708	-0,05082
-337,504	-0,05082
-338,3	-0,05082
-339,096	-0,05095
-339,892	-0,05095
-340,688	-0,05095
-341,484	-0,05095
-342,28	-0,05095
-343,076	-0,05095
-343,872	-0,05095
-344,668	-0,05095
-345,464	-0,05111
-346,26	-0,05111
-347,056	-0,05111
-347,852	-0,05111
-348,648	-0,05111
-349,444	-0,05111
-350,24	-0,05111
-351,036	-0,05111
-351,832	-0,05111
-352,628	-0,05111
-353,424	-0,05111
-354,22	-0,05262
-355,016	-0,05262
-355,812	-0,05262
-356,608	-0,35053
-357,404	-0,35053
-358,2	-0,35053
-358,996	-0,35053
-359,792	-0,35053
-360,588	-0,35053
-361,384	-0,35053
-362,18	-0,35057
-362,976	-0,35057
-363,772	-0,35057
-364,568	-0,35057
-365,364	-0,35057
-366,16	-0,35057
-366,956	-0,35057
-367,752	-0,35057
-368,548	-0,35057
-369,344	-0,35057
-370,14	-0,35065
-370,936	-0,35065
-371,732	-0,35067
-372,528	-0,35067
-373,324	-0,35067
-374,12	-0,35067
-374,916	-0,35067
-375,712	-0,35067
-376,508	-0,35067
-377,304	-0,35067
-378,1	-0,35067
-378,896	-0,35067
-379,692	-0,35067
-380,488	-0,35067
-381,284	-0,35067
-382,08	-0,35067
-382,876	-0,35067
-383,672	-0,35067
-384,468	-0,35067
-385,264	-0,35067
-386,06	-0,35067
-386,856	-0,3513
-387,652	-0,3513
-388,448	-0,3513
-389,244	-0,3513
-390,04	-0,3513
-390,836	-0,3513
-391,632	-0,35162
-392,428	-0,35162
-393,224	-0,35162
-394,02	-0,35162
-394,816	-0,35162
-395,612	-0,35162
-396,408	-0,89996
-397,204	-0,89996
-398	-0,89996
-398,796	-0,89996
-399,592	-0,89997
-400,388	-0,89997
-401,184	-0,89997
-401,98	-0,89998
-402,776	-0,89998
-403,572	-0,89998
-404,368	-0,89998
-405,164	-0,89998
-405,96	-0,89998
-406,756	-0,89998
-407,552	-0,9
-408,348	-0,9
-409,144	-0,9
-409,94	-0,9
-410,736	-0,9
-411,532	-0,9
-412,328	-0,90003
-413,124	-0,90003
-413,92	-0,90003
-414,716	-0,90003
-415,512	-0,90006
-416,308	-0,90006
-417,104	-0,90006
-417,9	-0,90006
-418,696	-0,90006
-419,492	-0,90006
-420,288	-0,90006
-421,084	-0,90014
-421,88	-0,90014
-422,676	-0,90014
-423,472	-0,90014
-424,268	-0,90014
-425,064	-0,90014
-425,86	-0,90014
-426,656	-0,90014
-427,452	-0,90015
-428,248	-0,90015
-429,044	-0,90015
-429,84	-0,90015
-430,636	-0,90015
-431,432	-0,99979
